current_u.asc
ncols        405
nrows        351
xllcorner    0.500000000000
yllcorner    0.500000000000
cellsize     1.000000000000
[rows 275 to 329 of 351, columns 0 to 95 of 405]
43 43 43 43 43 43 43 43 43 43 43 43 43 43 43 43 43 43 43 43 43 43 43 43 43 43 43 43 43 43 43 43 43 43 43 43 43 43 43 43 43 43 43 43 43 43 43 43 43 43 43 43 43 43 43 43 43 43 43 43 43 43 43 43 43 43 43 43 43 43 43 43 43 43 43 43 43 43 43 43 43 43 43 43 43 43 43 43 43 43 43 43 43 43 43 43
43 43 43 43 43 43 43 43 43 43 43 43 43 43 43 43 43 43 43 43 43 43 43 43 43 43 43 43 43 43 43 43 43 43 43 43 43 43 43 43 43 43 43 43 43 43 43 43 43 43 43 43 43 43 43 43 43 43 43 43 43 43 43 43 43 43 43 43 43 43 43 43 43 43 43 43 43 43 43 43 43 43 43 43 43 43 43 43 43 43 43 43 43 43 43 43
43 43 43 43 43 43 43 43 43 43 43 43 43 43 43 43 43 43 43 43 43 43 43 43 43 43 43 43 43 43 43 43 43 43 43 43 43 43 43 43 43 43 43 43 43 43 43 43 43 43 43 43 43 43 43 43 43 43 43 43 43 43 43 43 43 43 43 43 43 43 43 43 43 43 43 43 43 43 43 43 43 43 43 43 43 43 43 43 43 43 43 43 43 43 43 43
43 43 43 43 43 43 43 43 43 43 43 43 43 43 43 43 43 43 43 43 43 43 43 43 43 43 43 43 43 43 43 43 43 43 43 43 43 43 43 43 43 43 43 43 43 43 43 43 43 43 43 43 43 43 43 43 43 43 43 43 43 43 43 43 43 43 43 43 43 43 43 43 43 43 43 43 43 43 43 43 43 43 43 43 43 43 43 43 43 43 43 43 43 43 43 43
43 43 43 43 43 43 43 43 43 43 43 43 43 43 43 43 43 43 43 43 43 43 43 43 43 43 43 43 43 43 43 43 43 43 43 43 43 43 43 43 43 43 43 43 43 43 43 43 43 43 43 43 43 43 43 43 43 43 43 43 43 43 43 43 43 43 43 43 43 43 43 43 43 43 43 43 43 43 43 43 43 43 43 43 43 43 43 43 43 43 43 43 43 43 43 43
43 43 43 43 43 43 43 43 43 43 43 43 43 43 43 43 43 43 43 43 43 43 43 43 43 43 43 43 43 43 43 43 43 43 43 43 43 43 43 43 43 43 43 43 43 43 43 43 43 43 43 43 43 43 43 43 43 43 43 43 43 43 43 43 43 43 43 43 43 43 43 43 43 43 43 43 43 43 43 43 43 43 43 43 43 43 43 43 43 43 43 43 43 43 43 43
43 43 43 43 43 43 43 43 43 43 43 43 43 43 43 43 43 43 43 43 43 43 43 43 43 43 43 43 43 43 43 43 43 43 43 43 43 43 43 43 43 43 43 43 43 43 43 43 43 43 43 43 43 43 43 43 43 43 43 43 43 43 43 43 43 43 43 43 43 43 43 43 43 43 43 43 43 43 43 43 43 43 43 43 43 43 43 43 43 43 43 43 43 43 43 43
43 43 43 43 43 43 43 43 43 43 43 43 43 43 43 43 43 43 43 43 43 43 43 43 43 43 43 43 43 43 43 43 43 43 43 43 43 43 43 43 43 43 43 43 43 43 43 43 43 43 43 43 43 43 43 43 43 43 43 43 43 43 43 43 43 43 43 43 43 43 43 43 43 43 43 43 43 43 43 43 43 43 43 43 43 43 43 43 43 43 43 43 43 43 43 43
43 43 43 43 43 43 43 43 43 43 43 43 43 43 43 43 43 43 43 43 43 43 43 43 43 43 43 43 43 43 43 43 43 43 43 43 43 43 43 43 43 43 43 43 43 43 43 43 43 43 43 43 43 43 43 43 43 43 43 43 43 43 43 43 43 43 43 43 43 43 43 43 43 43 43 43 43 43 43 43 43 43 43 43 43 43 43 43 43 43 43 43 43 43 43 43
43 43 43 43 43 43 43 43 43 43 43 43 43 43 43 43 43 43 43 43 43 43 43 43 43 43 43 43 43 43 43 43 43 43 43 43 43 43 43 43 43 43 43 43 43 43 43 43 43 43 43 43 43 43 43 43 43 43 43 43 43 43 43 43 43 43 43 43 43 43 43 43 43 43 43 43 43 43 43 43 43 43 43 43 43 43 43 43 43 43 43 43 43 43 43 43
43 43 43 43 43 43 43 43 43 43 43 43 43 43 43 43 43 43 43 43 43 43 43 43 43 43 43 43 43 43 43 43 43 43 43 43 43 43 43 43 43 43 43 43 43 43 43 43 43 43 43 43 43 43 43 43 43 43 43 43 43 43 43 43 43 43 43 43 43 43 43 43 43 43 43 43 43 43 43 43 43 43 43 43 43 43 43 43 43 43 43 43 43 43 43 43
43 43 43 43 43 43 43 43 43 43 43 43 43 43 43 43 43 43 43 43 43 43 43 43 43 43 43 43 43 43 43 43 43 43 43 43 43 43 43 43 43 43 43 43 43 43 43 43 43 43 43 43 43 43 43 43 43 43 43 43 43 43 43 43 43 43 43 43 43 43 43 43 43 43 43 43 43 43 43 43 43 43 43 43 43 43 43 43 43 43 43 43 43 43 43 43
43 43 43 43 43 43 43 43 43 43 43 43 43 43 43 43 43 43 43 43 43 43 43 43 43 43 43 43 43 43 43 43 43 43 43 43 43 43 43 43 43 43 43 43 43 43 43 43 43 43 43 43 43 43 43 43 43 43 43 43 43 43 43 43 43 43 43 43 43 43 43 43 43 43 43 43 43 43 43 43 43 43 43 43 43 43 43 43 43 43 43 43 43 43 43 43
54 43 43 43 43 43 43 43 43 43 43 43 43 43 43 43 43 43 43 43 43 43 43 43 43 43 43 43 43 43 43 43 43 43 43 43 43 43 43 43 43 43 43 43 43 43 43 43 43 43 43 43 43 43 43 43 43 43 43 43 43 43 43 43 43 43 43 43 43 43 43 43 43 43 43 43 43 43 43 43 43 43 43 43 43 43 43 43 43 43 43 43 43 43 43 43
172 113 43 43 43 43 43 43 43 43 43 43 43 43 43 43 43 43 43 43 43 43 43 43 43 43 43 43 43 43 43 43 43 43 43 43 43 43 43 43 43 43 43 43 43 43 43 43 43 43 43 43 43 43 43 43 43 43 43 43 43 43 43 43 43 43 43 43 43 43 43 43 43 43 43 43 43 43 43 43 43 43 43 43 43 43 43 43 43 43 43 43 43 43 43 43
177 179 173 171 119 43 43 43 43 43 43 43 43 43 43 43 43 43 43 43 43 43 43 43 43 43 43 43 43 43 43 43 43 43 43 43 43 43 43 43 43 43 43 43 43 43 43 43 43 43 43 43 43 43 43 43 43 43 43 43 43 109 78 67 43 43 61 43 241 243 236 240 250 252 253 253 254 253 253 254 245 213 175 92 53 43 43 43 43 43 43 43 43 43 43 43
173 172 170 171 181 170 117 43 43 43 43 43 43 43 43 43 43 43 43 43 43 43 43 43 43 43 43 43 43 43 43 43 43 43 43 43 43 43 43 43 43 43 43 43 43 43 43 43 43 43 43 43 43 43 43 43 43 43 201 254 254 254 254 253 238 237 238 233 215 221 215 215 216 215 217 221 225 224 227 239 251 253 254 226 169 97 43 43 43 43 43 43 43 43 43 43
167 163 158 159 167 165 174 158 158 110 43 43 43 43 43 43 43 43 43 43 43 43 43 43 43 43 43 43 43 43 43 43 43 43 43 43 43 43 43 43 43 43 43 43 43 43 43 43 43 43 43 43 43 43 43 43 174 222 253 253 253 250 244 236 229 225 224 215 215 215 215 215 215 215 215 215 215 215 215 215 215 215 215 231 253 254 169 43 121 98 87 43 71 43 43 43
164 160 152 150 152 155 161 159 157 168 157 163 172 172 122 43 43 43 43 43 43 43 43 43 43 43 43 43 43 43 43 43 43 43 43 43 43 43 43 43 43 43 43 43 43 43 43 43 43 43 43 43 43 43 43 43 245 253 247 243 235 230 229 227 221 215 215 215 215 215 215 215 215 215 215 215 215 215 215 215 215 215 215 215 215 215 215 215 215 215 215 215 215 225 253 254
169 165 155 150 149 150 152 152 153 157 157 158 163 170 186 119 43 43 43 43 43 43 43 43 43 43 43 43 43 43 43 43 43 43 43 43 43 43 43 43 43 43 43 43 43 43 43 43 43 43 43 43 43 43 254 253 215 227 230 228 227 224 221 219 216 215 215 215 215 215 215 215 215 215 215 215 215 215 215 215 215 215 215 215 215 215 215 215 215 215 215 215 215 215 215 215
176 173 163 156 152 151 149 149 149 149 148 148 150 155 171 155 43 43 43 43 43 43 43 43 43 43 43 43 43 43 43 43 43 43 43 43 43 43 43 43 43 43 43 43 43 43 43 43 43 43 43 43 254 236 215 215 215 215 218 221 224 223 218 219 217 215 215 215 215 215 215 215 215 215 215 215 215 215 215 215 215 215 215 215 215 215 215 215 215 215 215 215 215 215 215 215
184 182 173 165 159 156 151 149 147 145 143 141 139 140 145 168 137 98 43 43 43 43 43 43 43 43 43 43 43 43 43 43 43 43 43 43 43 43 43 43 43 43 43 43 43 43 43 43 43 43 43 253 215 215 215 215 215 215 222 229 235 236 233 230 228 222 215 215 215 215 215 215 215 215 215 215 215 215 215 215 215 215 215 215 215 215 215 215 215 215 215 215 215 215 215 215
192 189 180 174 169 164 159 155 150 146 143 139 136 134 133 142 134 139 93 43 43 61 43 43 43 43 43 43 43 43 43 43 43 43 43 43 43 43 43 43 43 43 43 43 43 43 43 220 254 254 253 215 215 215 215 215 215 218 228 235 242 243 238 240 244 238 226 215 215 215 215 215 215 215 215 215 215 215 215 215 215 215 215 215 215 215 215 215 215 215 215 215 215 215 215 215
200 197 188 181 177 173 169 163 157 152 146 142 137 134 131 132 127 123 121 94 85 91 98 79 43 43 43 43 43 43 43 43 43 43 43 43 43 43 43 43 43 43 43 151 177 236 253 229 253 247 215 215 215 215 215 215 215 217 221 221 223 228 230 234 239 237 228 216 215 215 215 215 215 215 215 215 215 215 215 215 215 215 215 215 215 215 215 215 215 215 215 215 215 215 215 215
209 205 195 188 184 181 177 173 167 160 153 147 141 136 132 128 125 120 117 106 90 80 85 74 43 43 43 43 43 43 43 43 43 43 43 43 43 43 43 43 43 43 43 254 254 253 244 225 232 222 215 215 215 215 215 215 215 215 215 215 215 215 215 215 215 215 215 215 215 215 215 215 215 215 215 215 215 215 215 215 215 215 215 215 215 215 215 215 215 215 215 215 215 215 215 215
218 215 203 196 191 188 184 180 175 170 162 155 147 140 134 129 124 119 114 105 86 69 64 86 115 136 141 115 61 61 43 43 43 43 43 43 43 43 43 43 43 43 250 215 235 234 232 228 225 215 215 215 215 215 215 215 215 215 215 215 215 215 215 215 215 215 215 215 215 215 215 215 215 215 215 215 215 215 215 215 215 215 215 215 215 215 215 215 215 215 215 215 215 215 215 215
224 222 210 203 198 195 191 187 182 177 171 163 154 146 139 132 125 119 114 105 93 81 81 98 122 148 159 152 139 139 130 84 56 43 43 43 43 43 43 43 43 43 215 215 215 215 230 235 228 215 215 215 215 215 215 215 215 215 215 215 215 215 215 215 215 215 215 215 215 215 215 215 215 215 215 215 215 215 215 215 215 215 215 215 215 221 221 215 242 227 227 227 223 218 215 215
230 227 216 208 204 201 197 193 188 183 177 171 162 153 145 137 130 123 117 109 101 93 93 104 120 140 158 169 171 172 177 172 160 103 66 43 43 43 43 43 43 231 215 215 215 215 216 225 219 215 215 215 215 215 215 215 215 215 215 215 215 215 215 215 215 215 215 215 215 215 215 215 215 215 215 215 215 215 215 215 215 215 215 215 254 188 43 254 217 241 238 248 253 254 219 169
235 232 221 214 210 206 203 199 194 189 183 177 170 161 152 144 137 130 124 118 113 108 107 111 122 136 147 158 173 185 195 201 205 198 184 129 76 43 254 242 215 215 215 215 215 215 215 215 215 215 215 215 215 215 215 215 215 215 215 215 215 215 215 215 215 215 215 215 215 215 215 215 215 215 215 215 215 215 215 215 215 215 215 254 43 43 43 166 161 43 43 43 43 43 43 43
239 236 225 218 214 210 207 203 198 193 188 182 175 168 159 152 146 140 135 131 127 125 125 127 132 138 146 156 172 186 204 231 254 253 250 236 216 215 215 215 215 215 215 215 215 215 215 215 215 215 215 215 215 215 215 215 215 215 215 215 215 215 215 215 215 215 215 215 215 215 215 215 215 215 215 215 215 215 215 215 215 215 250 43 43 43 43 43 43 43 43 43 43 43 43 43
242 239 229 222 217 214 211 207 203 198 192 186 180 174 168 161 156 151 148 145 144 143 144 147 150 154 159 167 177 192 216 254 253 235 215 215 215 215 215 215 215 215 215 215 215 215 215 215 215 215 215 215 215 215 215 215 215 215 215 215 215 215 215 215 215 215 215 215 215 215 215 215 215 215 215 215 215 215 215 215 235 253 43 43 43 43 43 43 43 43 43 43 43 43 43 43
245 242 232 225 221 217 214 210 206 201 196 190 184 179 175 171 167 164 162 161 161 163 165 168 172 173 176 181 189 202 226 254 253 227 215 215 215 215 215 215 215 215 215 215 215 215 215 215 215 215 215 215 215 215 215 215 215 215 215 215 215 215 215 215 215 215 215 215 215 215 215 215 215 215 215 215 215 215 215 215 236 154 43 43 43 43 43 43 43 43 43 43 43 43 43 43
248 246 235 228 223 220 217 213 209 204 199 194 189 185 181 178 176 175 174 174 175 177 179 183 186 189 193 197 205 217 237 254 253 236 224 221 218 222 226 230 236 241 237 230 215 215 215 215 215 215 215 215 215 215 215 215 215 215 215 215 215 215 215 215 215 215 215 215 215 215 215 215 215 215 215 215 215 215 215 254 43 43 43 43 43 43 43 43 43 43 43 43 43 43 43 43
250 246 237 230 226 223 220 216 211 207 202 197 193 190 187 185 183 183 183 184 185 187 190 194 198 203 209 216 223 235 251 254 253 253 253 253 253 253 254 254 253 253 253 246 228 215 215 215 215 215 215 215 215 215 215 215 215 215 215 215 215 215 215 215 215 215 215 215 215 215 215 215 215 215 215 43 67 80 43 43 43 43 43 43 43 43 43 43 43 43 43 43 43 43 43 43
252 248 239 232 228 226 222 218 214 209 205 201 198 195 193 192 192 192 193 194 195 198 201 205 210 215 223 232 240 253 254 254 254 253 254 252 236 234 237 247 254 254 253 249 232 215 215 215 215 215 215 215 215 215 215 215 215 215 215 215 215 215 215 215 215 215 215 215 215 215 215 215 215 215 43 43 43 43 43 43 43 43 43 43 43 43 43 43 43 43 43 43 43 43 43 43
254 250 241 235 231 228 225 220 216 212 209 206 203 202 201 201 201 203 204 206 208 209 212 215 222 228 235 246 254 254 254 254 254 254 234 213 210 216 226 236 248 254 253 253 238 220 215 215 215 215 215 215 215 215 215 215 215 218 215 215 215 215 215 215 215 215 215 215 215 215 215 215 215 43 43 43 43 43 43 43 43 43 43 43 43 43 43 43 43 43 43 43 43 43 43 43
254 253 243 237 233 230 227 223 219 216 213 211 210 208 208 209 210 212 214 217 220 222 225 229 234 241 248 254 254 254 254 254 228 202 191 187 199 213 223 233 245 254 254 253 249 235 219 215 215 215 215 215 215 215 215 215 215 215 215 215 215 215 215 215 215 215 215 215 215 215 215 215 215 139 126 73 43 43 43 43 43 43 43 43 43 43 43 43 43 43 43 43 43 43 43 43
254 254 246 239 236 233 229 225 222 220 218 217 217 217 217 218 220 221 222 225 230 234 238 244 248 253 254 254 254 254 246 212 189 182 185 190 199 212 224 237 252 254 254 253 249 238 227 218 215 215 215 215 215 215 215 215 215 215 215 215 215 215 215 215 215 215 215 215 215 215 215 215 231 172 157 151 109 43 43 43 43 43 43 43 43 43 43 43 43 43 43 43 43 43 43 43
254 254 248 242 239 235 232 229 227 225 224 225 225 226 227 228 228 230 232 234 239 246 249 254 254 254 254 254 254 233 202 178 172 183 198 210 219 230 241 254 254 253 253 251 241 232 223 215 215 215 215 215 215 215 215 215 215 215 215 215 215 215 215 215 215 215 215 215 215 215 215 215 225 192 83 132 152 76 43 43 43 43 43 43 43 43 43 43 43 43 43 43 43 43 43 43
254 254 251 245 241 238 235 233 231 230 230 231 231 232 234 235 236 238 242 245 248 254 254 254 254 254 254 254 224 190 175 175 182 194 211 225 238 253 254 254 253 253 245 236 228 221 215 215 215 215 215 215 215 215 215 215 215 215 215 215 215 215 215 215 215 215 215 215 215 215 215 215 215 254 141 122 145 138 84 43 43 43 43 43 43 43 43 43 43 43 43 43 43 43 43 43
254 254 254 248 244 241 239 237 236 236 236 236 237 238 240 241 242 244 250 254 254 254 254 254 254 254 252 216 188 178 181 191 203 216 232 251 254 254 253 253 249 239 230 223 216 215 215 215 215 215 215 215 215 215 215 215 215 215 215 215 215 215 215 215 215 215 215 215 215 215 215 215 215 252 253 210 194 178 154 142 105 43 43 43 43 43 43 43 43 43 43 43 43 43 43 43
254 254 254 251 247 245 243 242 241 241 241 242 243 244 246 248 251 251 254 254 254 254 254 254 254 246 214 188 182 187 200 217 232 246 254 254 253 253 252 243 233 224 220 215 215 215 215 215 215 215 215 215 215 215 215 215 215 215 215 215 215 215 215 215 215 215 215 215 215 215 215 215 215 220 250 253 254 229 199 181 160 43 43 43 43 43 43 43 43 43 43 43 43 43 43 43
254 254 254 254 250 248 247 246 246 246 247 248 249 251 253 254 254 254 254 254 254 254 254 254 241 212 188 181 191 208 226 241 254 254 254 253 253 247 239 230 223 219 215 215 215 215 215 215 215 215 215 215 215 215 215 215 216 216 215 215 215 215 215 215 215 215 215 215 215 215 215 215 215 215 218 240 253 254 242 216 214 146 43 43 43 43 43 43 43 43 43 43 43 43 43 43
254 254 254 254 253 251 251 250 250 251 252 253 254 254 254 254 254 254 254 254 254 254 254 247 220 197 188 191 203 220 240 254 254 254 253 253 247 238 231 224 220 215 215 215 215 215 215 215 215 215 215 215 215 215 218 222 223 221 218 216 215 215 215 215 215 215 215 215 215 215 215 215 215 215 215 226 245 253 254 254 240 228 152 43 43 43 43 43 43 43 43 43 43 43 43 43
254 254 254 254 254 254 254 254 254 254 254 254 254 254 254 254 254 254 254 254 254 254 254 237 211 199 200 210 223 239 254 254 253 253 253 245 238 232 227 222 217 215 215 215 215 215 215 215 215 215 215 215 215 217 223 227 228 225 222 218 215 215 215 215 215 215 215 215 215 215 215 215 215 215 215 218 234 250 253 254 254 254 248 43 43 43 43 43 43 43 43 43 43 43 43 43
254 254 254 254 254 254 254 254 254 254 254 254 254 254 254 254 254 254 254 254 254 254 249 230 217 214 219 230 247 254 254 253 253 251 243 236 231 226 222 219 215 215 215 215 215 215 215 215 215 215 215 220 226 230 233 235 234 231 226 221 216 215 215 215 215 215 215 215 215 215 215 215 215 215 215 215 227 240 251 253 253 254 254 177 43 43 43 43 43 43 43 43 43 43 43 43
254 254 254 254 254 254 254 254 254 254 254 254 254 254 254 254 254 254 254 254 254 254 241 227 222 228 238 251 254 254 253 253 250 242 236 231 227 223 220 218 215 215 215 215 215 215 215 215 216 224 232 239 243 243 243 241 239 235 230 225 220 215 215 215 215 215 215 215 215 215 215 215 215 215 215 215 221 232 242 250 253 253 254 254 174 43 43 43 43 43 43 43 43 43 43 43
254 254 254 254 254 254 254 254 254 254 254 254 254 254 254 254 254 254 254 254 254 252 237 232 237 246 254 254 254 253 253 250 242 236 232 229 227 224 222 219 216 215 215 215 216 218 222 228 233 238 243 249 252 251 249 246 243 238 234 230 225 221 217 215 215 215 215 215 215 215 215 215 215 215 215 215 219 227 235 242 249 253 253 254 254 156 43 43 43 43 43 43 43 43 43 43
254 254 254 254 254 254 254 254 254 254 254 254 254 254 254 254 254 254 254 254 254 245 239 241 254 254 254 253 253 253 249 243 237 234 232 230 228 227 225 223 220 219 220 222 226 229 233 237 241 244 248 253 253 253 253 250 246 242 239 235 231 227 224 220 216 215 215 215 215 215 215 215 215 215 215 215 219 225 231 236 241 249 253 253 254 234 43 43 43 43 43 43 43 43 43 43
253 254 254 254 254 254 254 254 254 254 254 254 254 254 254 254 254 254 254 254 252 245 248 254 254 254 253 253 253 248 242 238 235 234 233 232 232 231 230 228 227 226 227 229 232 235 238 240 244 248 253 253 253 253 253 253 249 246 242 239 236 233 229 226 222 219 217 215 215 215 215 215 215 215 215 217 221 225 228 232 235 240 248 253 253 253 203 138 43 43 43 43 43 43 43 43
253 254 254 254 254 254 254 254 254 254 254 254 254 254 254 254 254 254 254 254 254 254 254 254 254 253 253 252 246 241 237 235 234 234 234 234 234 234 234 233 232 232 232 234 236 238 241 244 249 253 253 253 253 253 253 253 252 248 245 242 239 236 233 230 227 224 222 220 218 216 215 215 215 216 218 220 222 224 227 229 231 233 238 246 253 253 253 215 43 43 43 43 43 43 43 43
253 254 254 254 254 254 254 254 254 254 254 254 254 254 254 254 254 254 254 254 254 254 254 253 253 253 249 243 239 235 233 233 233 233 233 233 234 235 236 237 237 237 237 238 239 242 245 250 253 253 253 253 253 253 253 253 253 251 247 244 242 239 236 233 230 228 226 223 221 220 219 218 218 218 219 220 222 224 225 227 229 230 232 239 252 253 254 254 161 43 43 43 43 43 43 43
253 254 254 254 254 254 254 254 254 254 254 254 254 254 254 254 254 254 254 254 254 253 253 253 251 245 241 236 233 231 231 231 231 231 232 233 234 235 237 238 239 239 240 241 242 245 250 253 253 253 253 253 253 253 253 253 253 252 249 246 243 241 238 235 233 230 228 226 224 223 222 221 220 220 220 221 222 223 225 226 228 230 233 241 249 253 253 254 249 156 43 43 43 43 43 43
253 254 254 254 254 254 254 254 254 254 254 254 254 254 254 254 254 254 254 253 253 253 253 248 243 239 234 231 228 228 228 229 230 231 232 233 234 236 237 238 240 240 241 243 245 249 253 253 253 253 254 253 253 253 253 253 253 253 250 248 245 242 240 238 235 233 231 229 227 226 225 224 223 222 222 223 223 224 225 227 229 231 234 240 246 251 253 253 254 239 153 43 43 43 43 43
253 253 254 254 254 254 254 254 254 254 254 254 254 254 254 254 254 254 253 253 253 253 248 243 238 234 231 228 226 226 227 228 229 231 232 233 235 236 238 239 240 241 242 245 248 253 253 253 253 254 254 254 253 253 253 253 253 253 251 249 246 244 242 240 238 236 234 232 230 229 228 227 226 225 225 225 225 226 226 228 229 232 234 238 243 247 253 253 254 254 241 43 43 43 43 43
