current_u.asc
ncols        405
nrows        351
xllcorner    0.500000000000
yllcorner    0.500000000000
cellsize     1.000000000000
[rows 220 to 274 of 351, columns 192 to 287 of 405]
253 253 253 253 254 254 254 254 253 253 253 253 254 254 254 254 253 254 254 253 253 254 254 254 254 254 254 254 254 254 254 254 254 253 216 254 199 138 43 43 254 229 215 254 202 43 43 43 43 43 43 43 43 43 43 43 43 43 43 43 43 43 43 43 43 43 43 43 43 43 43 43 43 43 43 43 43 43 43 43 43 43 43 43 43 43 43 43 43 43 43 43 43 43 43 43
253 253 253 254 254 254 254 254 253 253 253 253 254 254 254 254 254 254 254 254 254 254 254 254 254 254 254 254 254 254 254 254 254 253 220 240 198 176 172 150 253 215 224 210 176 102 43 43 43 43 43 43 43 43 43 43 43 43 43 43 43 43 43 43 43 43 43 43 43 43 43 43 43 43 43 43 43 43 43 43 43 43 43 43 43 43 43 43 43 43 43 43 43 43 43 43
253 253 253 254 254 254 254 253 247 253 253 253 254 254 254 254 254 254 254 254 254 254 254 254 254 254 254 254 254 254 254 254 254 248 230 228 210 216 223 254 216 215 253 206 194 205 203 202 131 46 57 43 43 43 43 43 43 43 43 43 43 43 43 43 43 43 43 43 43 43 43 43 43 43 43 43 43 43 43 43 43 43 43 43 43 43 43 43 43 43 43 43 43 43 43 43
254 253 254 254 254 254 254 252 244 253 253 253 254 254 254 254 254 254 254 254 254 254 254 254 254 254 254 254 254 254 254 254 253 240 245 220 199 206 254 234 215 239 214 197 198 205 150 43 43 43 43 43 43 43 43 43 43 43 43 43 43 43 43 43 43 43 43 43 43 43 43 43 43 43 43 43 43 43 43 43 43 43 43 43 43 43 43 43 43 43 43 43 43 43 43 43
254 254 254 254 254 254 253 252 249 253 253 253 253 254 254 254 254 252 254 254 254 253 253 253 254 254 254 254 254 254 254 254 253 237 253 213 205 254 246 217 226 253 184 179 180 185 139 123 120 118 110 43 43 43 43 43 43 43 43 43 43 43 43 43 43 43 43 43 43 43 43 43 43 43 43 43 43 43 43 43 43 43 43 43 43 43 43 43 43 43 43 43 43 43 43 43
254 254 254 254 254 253 253 253 253 253 253 253 253 254 254 254 254 254 254 254 254 253 253 253 254 254 254 254 254 254 254 254 253 242 254 246 253 241 222 231 253 195 174 176 173 174 166 152 142 142 157 104 103 43 43 43 43 43 43 43 43 43 43 43 43 43 43 43 43 43 43 43 43 43 43 43 43 43 43 43 43 43 43 43 43 43 43 43 43 43 43 43 43 43 43 43
254 254 253 253 253 253 253 253 253 253 253 253 253 253 254 254 254 254 254 254 254 253 253 253 254 254 254 254 254 254 253 253 253 250 254 253 228 223 234 253 221 191 192 197 193 194 190 179 171 162 154 142 153 100 43 43 69 69 43 43 43 43 43 43 43 43 43 43 43 43 43 43 43 43 43 43 43 43 43 43 43 43 43 43 43 43 43 43 43 43 43 43 43 43 43 43
254 253 253 253 253 253 253 252 251 253 253 253 253 253 253 253 254 254 254 254 254 254 253 253 254 254 254 254 254 253 253 253 251 251 253 232 221 237 253 252 206 201 215 222 218 215 204 192 182 175 171 165 164 164 97 77 70 43 43 43 43 43 43 43 43 43 43 43 43 43 43 43 43 43 43 43 43 43 43 43 43 43 43 43 43 43 43 43 43 43 43 43 43 43 43 43
254 253 253 253 253 253 253 252 250 253 253 253 253 253 253 253 253 254 254 254 254 254 253 253 254 254 253 253 253 253 253 248 244 242 240 225 233 253 254 215 205 209 234 245 238 230 214 206 199 192 189 187 190 190 176 138 124 43 43 43 43 43 43 43 43 43 43 43 43 43 43 43 43 43 43 43 43 43 43 43 43 43 43 43 43 43 43 43 43 43 43 43 43 43 43 43
254 253 253 253 253 253 252 252 250 252 253 253 253 253 253 253 253 253 254 254 254 254 253 253 253 253 253 253 253 253 246 240 236 235 234 230 253 254 231 193 181 198 232 251 248 241 224 221 217 213 212 212 212 213 200 179 181 43 43 43 43 43 43 43 43 43 43 43 43 43 43 43 43 43 43 43 43 43 43 43 43 43 43 43 43 43 43 43 43 43 43 43 43 43 43 43
254 253 253 253 253 252 252 253 250 252 253 253 253 251 251 252 253 253 253 254 254 254 254 253 253 253 253 253 252 246 240 234 232 234 236 244 254 226 213 194 189 209 226 227 228 234 223 229 233 231 228 235 237 228 208 195 200 133 124 43 43 43 43 43 43 43 43 43 43 43 43 43 43 43 43 43 43 43 43 43 43 43 43 43 43 43 43 43 43 43 43 43 43 43 43 43
254 253 253 253 253 252 253 253 250 252 253 253 252 248 247 248 253 253 253 253 254 254 254 253 253 253 253 251 246 241 236 233 234 238 247 253 214 193 205 224 244 250 230 203 195 208 207 218 229 227 216 227 240 227 210 200 192 182 189 137 119 43 43 43 43 43 43 43 43 43 43 43 43 43 43 43 43 43 43 43 43 43 43 43 43 43 43 43 43 43 43 43 43 43 43 43
254 253 254 253 253 253 253 253 248 250 252 253 249 245 243 245 251 253 253 253 254 254 254 254 253 253 252 245 240 237 234 234 239 249 253 240 213 232 252 254 254 254 226 190 164 183 211 235 252 254 252 227 214 208 207 203 194 185 180 175 179 43 43 43 43 43 43 43 43 43 43 43 43 43 43 43 43 43 43 43 43 43 43 43 43 43 43 43 43 43 43 43 43 43 43 43
253 253 254 254 253 253 253 253 247 248 250 251 246 242 241 245 250 252 253 253 253 253 254 254 253 253 251 242 239 237 237 239 246 253 254 253 254 254 254 254 254 236 215 215 211 217 247 254 254 254 254 245 210 202 206 205 200 191 182 175 173 43 43 43 43 43 43 43 43 43 43 43 43 43 43 43 43 43 43 43 43 43 43 43 43 43 43 43 43 43 43 43 43 43 43 43
253 253 253 254 253 253 253 253 248 247 248 248 243 239 239 246 249 249 252 253 253 253 253 253 253 253 251 244 242 241 242 246 253 253 254 254 254 254 254 254 254 251 244 254 254 254 242 243 247 246 235 229 214 200 199 201 197 188 177 163 151 43 43 43 43 43 43 43 43 43 43 43 43 43 43 43 43 43 43 43 43 43 43 43 43 43 43 43 43 43 43 43 43 43 43 43
253 253 253 254 254 253 253 253 248 247 246 244 240 237 239 245 246 245 247 251 253 253 253 253 253 253 251 247 247 246 247 253 253 254 254 254 254 254 254 254 254 254 254 254 254 254 249 243 250 252 246 231 224 219 205 202 204 198 184 165 142 61 43 43 43 43 43 43 43 43 43 43 43 43 43 43 43 43 43 43 43 43 43 43 43 43 43 43 43 43 43 43 43 43 43 43
248 253 253 253 253 253 253 251 247 245 243 240 236 234 239 243 242 242 243 247 251 253 253 253 253 253 252 249 249 249 251 253 253 253 253 253 253 253 253 254 254 254 254 254 254 254 254 251 251 243 222 207 199 200 195 198 215 220 203 163 103 43 43 43 43 43 43 43 43 43 43 43 43 43 43 43 43 43 43 43 43 43 43 43 43 43 43 43 43 43 43 43 43 43 43 43
237 251 253 253 253 253 253 251 246 243 240 235 232 231 237 238 238 238 240 243 247 250 253 253 253 253 251 249 251 253 253 253 253 253 253 253 253 253 253 253 253 254 254 254 254 247 232 232 220 202 182 171 182 201 217 220 216 211 195 147 80 43 43 43 43 43 43 43 43 43 43 43 43 43 43 43 43 43 43 43 43 43 43 43 43 43 43 43 43 43 43 43 43 43 43 43
235 249 253 253 253 253 253 250 244 239 235 230 228 230 235 235 235 235 237 240 243 246 249 251 252 251 248 247 249 252 253 253 253 253 253 253 253 253 253 253 253 253 254 254 242 221 208 212 212 202 190 191 199 211 228 230 204 185 185 175 81 43 43 43 43 43 43 43 43 43 43 43 43 43 43 43 43 43 43 43 43 43 43 43 43 43 43 43 43 43 43 43 43 43 43 43
236 250 253 253 253 253 252 248 242 238 231 224 223 228 234 234 235 234 235 236 238 241 244 248 248 247 244 242 243 245 243 243 247 250 253 253 253 253 253 253 253 254 254 232 216 208 200 195 200 210 215 224 232 219 203 197 183 169 171 176 43 43 43 43 43 43 43 43 43 43 43 43 43 43 43 43 43 43 43 43 43 43 43 43 43 43 43 43 43 43 43 43 43 43 43 43
239 251 251 252 252 252 250 246 242 237 231 223 220 226 232 234 236 234 233 234 236 238 242 244 244 240 234 230 230 230 226 231 241 248 253 253 253 253 253 254 254 254 239 211 204 214 209 200 213 239 245 218 196 181 165 164 168 163 167 171 99 43 43 43 43 43 43 43 43 43 43 43 43 43 43 43 43 43 43 43 43 43 43 43 43 43 43 43 43 43 43 43 43 43 43 43
242 253 250 249 249 250 248 243 238 233 228 225 226 228 232 236 237 237 234 234 236 239 241 240 236 228 222 219 222 227 228 231 241 252 253 253 253 253 253 253 254 254 254 254 254 254 254 254 250 235 234 223 194 177 174 181 182 177 169 155 140 43 43 43 43 43 43 43 43 43 43 43 43 43 43 43 43 43 43 43 43 43 43 43 43 43 43 43 43 43 43 43 43 43 43 43
245 253 250 248 246 246 245 240 234 228 224 225 231 233 238 239 239 237 237 239 240 241 239 232 224 219 221 227 236 245 250 253 253 254 252 239 243 254 254 254 242 251 251 237 243 244 231 219 207 199 205 204 193 186 175 175 186 180 161 132 112 43 43 43 43 43 43 43 43 43 43 43 43 43 43 43 43 43 43 43 43 43 43 43 43 43 43 43 43 43 43 43 43 43 43 43
249 252 244 246 243 241 238 234 230 226 224 228 234 238 243 242 239 238 241 244 244 240 233 226 223 236 247 253 254 254 254 254 254 244 232 199 183 210 233 230 206 199 196 183 178 175 162 152 147 143 145 150 149 154 169 165 167 150 145 105 75 43 43 43 43 43 43 43 43 43 43 43 43 43 43 43 43 43 43 43 43 43 43 43 43 43 43 43 43 43 43 43 43 43 43 43
253 247 235 239 237 234 231 228 226 224 226 233 236 241 244 242 240 242 246 247 244 237 230 229 242 253 254 254 246 232 233 239 235 224 210 183 141 147 186 209 202 181 166 155 148 140 127 121 127 132 144 162 175 188 201 191 172 106 77 43 43 43 43 43 43 43 43 43 43 43 43 43 43 43 43 43 43 43 43 43 43 43 43 43 43 43 43 43 43 43 43 43 43 43 43 43
253 240 229 232 230 227 224 223 223 225 230 237 239 241 241 240 242 245 247 245 239 233 231 242 253 254 254 253 238 226 224 228 233 235 212 200 185 159 152 173 190 174 141 148 157 160 154 149 157 172 181 187 196 207 203 178 162 69 43 43 43 43 43 43 43 43 43 43 43 43 43 43 43 43 43 43 43 43 43 43 43 43 43 43 43 43 43 43 43 43 43 43 43 43 43 43
249 229 223 225 224 220 218 219 221 227 234 239 241 241 240 241 244 245 244 240 233 229 240 253 254 254 254 247 228 218 217 215 221 254 254 254 224 181 143 141 165 163 141 155 168 174 178 177 180 192 205 211 217 219 194 167 171 43 43 43 43 43 43 43 43 43 43 43 43 43 43 43 43 43 43 43 43 43 43 43 43 43 43 43 43 43 43 43 43 43 43 43 43 43 43 43
237 219 215 218 217 215 215 216 221 227 234 239 241 242 242 243 244 243 239 234 230 232 252 254 254 253 253 254 234 225 235 245 247 254 253 254 222 168 117 108 136 162 164 170 176 184 193 198 198 204 215 222 226 218 185 171 176 133 119 43 43 43 43 43 43 43 43 43 43 43 43 43 43 43 43 43 43 43 43 43 43 43 43 43 43 43 43 43 43 43 43 43 43 43 43 43
224 215 215 215 215 215 215 216 221 226 232 236 239 242 244 245 243 240 236 233 233 246 253 253 253 253 253 254 254 244 254 254 254 254 254 251 220 197 177 171 177 189 193 190 187 197 206 214 220 220 219 221 221 206 178 173 174 174 197 143 43 43 43 43 43 43 43 43 43 43 43 43 43 43 43 43 43 43 43 43 43 43 43 43 43 43 43 43 43 43 43 43 43 43 43 43
215 215 215 215 215 215 215 217 222 226 230 234 239 242 243 242 239 235 232 233 241 253 254 253 253 253 251 253 254 254 254 254 246 218 211 211 204 201 199 201 206 214 218 213 204 209 214 218 227 233 231 223 209 189 170 164 164 174 181 198 122 43 43 43 43 43 43 43 43 43 43 43 43 43 43 43 43 43 43 43 43 43 43 43 43 43 43 43 43 43 43 43 43 43 43 43
215 215 215 215 215 215 215 219 225 228 231 235 239 242 241 237 232 227 226 234 253 254 254 254 254 253 253 254 254 241 227 221 207 186 185 197 205 213 218 222 224 236 244 236 222 221 222 227 231 235 233 220 200 182 173 173 167 132 115 128 139 121 90 43 43 43 43 43 43 43 43 43 43 43 43 43 43 43 43 43 43 43 43 43 43 43 43 43 43 43 43 43 43 43 43 43
215 215 215 215 215 215 215 221 228 232 236 239 241 240 236 230 224 220 225 244 254 254 254 254 254 254 254 254 254 239 226 214 208 204 205 213 218 225 235 241 238 249 254 254 252 240 235 240 238 232 223 216 209 206 200 193 190 161 107 94 106 108 102 43 43 43 43 43 43 43 43 43 43 43 43 43 43 43 43 43 43 43 43 43 43 43 43 43 43 43 43 43 43 43 43 43
215 215 215 215 215 215 215 224 231 237 242 245 245 242 235 228 225 228 240 253 254 247 254 251 243 245 253 254 254 249 248 244 240 245 249 249 243 236 242 254 254 254 254 254 254 254 251 247 239 231 227 231 233 231 221 207 198 182 130 86 86 96 96 43 43 43 43 43 43 43 43 43 43 43 43 43 43 43 43 43 43 43 43 43 43 43 43 43 43 43 43 43 43 43 43 43
215 215 215 215 215 215 219 228 235 242 247 249 248 243 235 233 238 251 253 254 214 219 248 250 243 245 254 254 254 254 254 254 254 254 254 254 254 252 252 254 254 254 254 254 254 254 254 252 244 238 237 242 249 254 247 224 214 201 149 91 75 77 94 72 43 43 43 43 43 43 43 43 43 43 43 43 43 43 43 43 43 43 43 43 43 43 43 43 43 43 43 43 43 43 43 43
215 215 215 215 215 215 222 230 239 248 250 247 241 234 226 227 236 252 253 254 254 236 244 254 254 254 254 254 253 253 253 253 253 253 253 254 254 254 254 254 254 254 253 253 254 254 254 254 254 254 254 254 254 254 254 254 236 210 154 83 68 70 77 89 69 43 43 43 43 43 43 43 43 43 43 43 43 43 43 43 43 43 43 43 43 43 43 43 43 43 43 43 43 43 43 43
215 215 215 215 215 217 223 232 242 248 243 233 221 215 215 215 215 219 234 242 244 248 253 253 251 253 253 251 248 250 253 253 253 254 253 253 253 254 254 253 254 254 254 253 253 253 253 254 254 254 254 234 170 116 43 43 43 43 75 63 79 71 43 43 43 43 43 43 43 43 43 43 43 43 43 43 43 43 43 43 43 43 43 43 43 43 43 43 43 43 43 43 43 43 43 43
215 215 215 215 215 218 225 235 243 239 227 215 215 215 215 215 220 236 248 244 230 224 230 242 248 249 250 250 253 253 253 253 253 253 253 253 253 253 253 253 254 254 253 253 253 253 253 253 237 150 116 43 43 43 43 43 43 43 43 43 43 43 43 43 43 43 43 43 43 43 43 43 43 43 43 43 43 43 43 43 43 43 43 43 43 43 43 43 43 43 43 43 43 43 43 43
215 215 215 215 215 218 229 240 240 228 215 215 215 215 232 236 234 248 253 253 248 239 239 244 250 253 253 247 247 251 253 253 253 253 252 248 251 253 253 253 253 254 253 253 253 254 196 132 43 43 43 43 43 43 43 43 43 43 43 43 43 43 43 43 43 43 43 43 43 43 43 43 43 43 43 43 43 43 43 43 43 43 43 43 43 43 43 43 43 43 43 43 43 43 43 43
215 215 215 215 215 221 235 243 236 218 215 215 215 238 253 240 235 247 250 249 245 242 248 253 252 243 235 232 235 239 242 245 245 246 246 244 245 252 253 253 253 254 254 233 207 151 43 43 43 43 43 43 43 43 43 43 43 43 43 43 43 43 43 43 43 43 43 43 43 43 43 43 43 43 43 43 43 43 43 43 43 43 43 43 43 43 43 43 43 43 43 43 43 43 43 43
215 215 215 215 215 225 241 239 226 215 215 215 237 253 253 242 243 250 250 247 245 250 253 253 250 241 237 236 234 235 238 238 235 235 241 248 253 253 253 254 254 240 209 175 110 43 43 43 43 43 43 43 43 43 43 43 43 43 43 43 43 43 43 43 43 43 43 43 43 43 43 43 43 43 43 43 43 43 43 43 43 43 43 43 43 43 43 43 43 43 43 43 43 43 43 43
215 215 215 215 215 233 238 226 215 215 215 230 253 254 253 251 253 253 253 252 250 253 253 253 253 253 253 253 253 253 253 253 253 253 253 253 254 254 245 224 205 176 139 92 43 43 43 43 43 43 43 43 43 43 43 43 43 43 43 43 43 43 43 43 43 43 43 43 43 43 43 43 43 43 43 43 43 43 43 43 43 43 43 43 43 43 43 43 43 43 43 43 43 43 43 43
215 215 215 215 224 235 225 215 215 215 221 252 253 253 253 253 253 253 253 253 252 253 253 254 253 253 254 254 254 254 254 254 254 254 250 243 235 220 199 182 143 94 71 43 43 43 43 43 43 43 43 43 43 43 43 43 43 43 43 43 43 43 43 43 43 43 43 43 43 43 43 43 43 43 43 43 43 43 43 43 43 43 43 43 43 43 43 43 43 43 43 43 43 43 43 43
215 215 215 215 231 224 215 215 215 215 242 253 253 253 253 253 253 253 253 253 253 253 253 254 254 253 253 254 254 248 244 240 238 231 224 216 193 156 95 77 43 43 43 43 43 43 43 43 43 43 43 43 43 43 43 43 43 43 43 43 43 43 43 43 43 43 43 43 43 43 43 43 43 43 43 43 43 43 43 43 43 43 43 43 43 43 43 43 43 43 43 43 43 43 43 43
215 215 215 226 223 215 215 215 215 229 253 253 250 253 253 253 253 253 253 253 253 253 253 253 253 253 253 254 250 228 221 221 201 164 118 82 43 88 91 43 43 43 43 43 43 43 43 43 43 43 43 43 43 43 43 43 43 43 43 43 43 43 43 43 43 43 43 43 43 43 43 43 43 43 43 43 43 43 43 43 43 43 43 43 43 43 43 43 43 43 43 43 43 43 43 43
215 215 223 222 215 215 215 215 217 253 254 253 253 253 253 253 253 253 249 247 248 251 253 253 254 254 254 254 216 182 125 91 43 56 43 43 43 43 43 43 43 43 43 43 43 43 43 43 43 43 43 43 43 43 43 43 43 43 43 43 43 43 43 43 43 43 43 43 43 43 43 43 43 43 43 43 43 43 43 43 43 43 43 43 43 43 43 43 43 43 43 43 43 43 43 43
215 217 222 215 215 215 215 219 251 254 244 254 253 253 253 253 253 253 249 249 252 253 253 254 227 198 193 182 101 69 43 43 43 43 43 43 43 43 43 43 43 43 43 43 43 43 43 43 43 43 43 43 43 43 43 43 43 43 43 43 43 43 43 43 43 43 43 43 43 43 43 43 43 43 43 43 43 43 43 43 43 43 43 43 43 43 43 43 43 43 43 43 43 43 43 43
215 223 215 215 215 215 219 253 254 254 252 254 253 243 240 248 253 253 253 253 253 254 237 200 135 72 56 43 43 43 43 43 43 43 43 43 43 43 43 43 43 43 43 43 43 43 43 43 43 43 43 43 43 43 43 43 43 43 43 43 43 43 43 43 43 43 43 43 43 43 43 43 43 43 43 43 43 43 43 43 43 43 43 43 43 43 43 43 43 43 43 43 43 43 43 43
222 224 215 215 215 215 251 253 249 253 252 239 235 242 247 253 254 254 235 232 233 235 165 88 43 43 43 43 43 43 43 43 43 43 43 43 43 43 43 43 43 43 43 43 43 43 43 43 43 43 43 43 43 43 43 43 43 43 43 43 43 43 43 43 43 43 43 43 43 43 43 43 43 43 43 43 43 43 43 43 43 43 43 43 43 43 43 43 43 43 43 43 43 43 43 43
230 223 215 215 215 246 253 246 238 239 240 235 241 253 254 254 250 217 192 185 187 128 43 43 43 43 43 43 43 43 43 43 43 43 43 43 43 43 43 43 43 43 43 43 43 43 43 43 43 43 43 43 43 43 43 43 43 43 43 43 43 43 43 43 43 43 43 43 43 43 43 43 43 43 43 43 43 43 43 43 43 43 43 43 43 43 43 43 43 43 43 43 43 43 43 43
230 221 215 225 249 253 253 242 236 244 253 253 253 254 240 229 210 187 176 172 111 43 43 43 43 43 43 43 43 43 43 43 43 43 43 43 43 43 43 43 43 43 43 43 43 43 43 43 43 43 43 43 43 43 43 43 43 43 43 43 43 43 43 43 43 43 43 43 43 43 43 43 43 43 43 43 43 43 43 43 43 43 43 43 43 43 43 43 43 43 43 43 43 43 43 43
221 215 216 228 244 241 243 251 253 254 247 237 227 200 185 186 179 161 153 159 43 43 43 43 43 43 43 43 43 43 43 43 43 43 43 43 43 43 43 43 43 43 43 43 43 43 43 43 43 43 43 43 43 43 43 43 43 43 43 43 43 43 43 43 43 43 43 43 43 43 43 43 43 43 43 43 43 43 43 43 43 43 43 43 43 43 43 43 43 43 43 43 43 43 43 43
215 215 221 236 252 253 253 254 234 204 198 202 203 189 181 199 210 191 151 144 43 43 43 43 43 43 43 43 43 43 43 43 43 43 43 43 43 43 43 43 43 43 43 43 43 43 43 43 43 43 43 43 43 43 43 43 43 43 43 43 43 43 43 43 43 43 43 43 43 43 43 43 43 43 43 43 43 43 43 43 43 43 43 43 43 43 43 43 43 43 43 43 43 43 43 43
215 215 233 253 254 254 254 254 246 234 237 234 236 228 207 199 205 196 150 133 43 43 43 43 43 43 43 43 43 43 43 43 43 43 43 43 43 43 43 43 43 43 43 43 43 43 43 43 43 43 43 43 43 43 43 43 43 43 43 43 43 43 43 43 43 43 43 43 43 43 43 43 43 43 43 43 43 43 43 43 43 43 43 43 43 43 43 43 43 43 43 43 43 43 43 43
215 224 253 254 254 254 254 249 245 248 253 243 237 237 237 214 201 183 124 86 43 43 43 43 43 43 43 43 43 43 43 43 43 43 43 43 43 43 43 43 43 43 43 43 43 43 43 43 43 43 43 43 43 43 43 43 43 43 43 43 43 43 43 43 43 43 43 43 43 43 43 43 43 43 43 43 43 43 43 43 43 43 43 43 43 43 43 43 43 43 43 43 43 43 43 43
218 244 254 254 254 254 254 254 237 246 254 248 204 150 108 43 43 43 43 43 43 43 43 43 43 43 43 43 43 43 43 43 43 43 43 43 43 43 43 43 43 43 43 43 43 43 43 43 43 43 43 43 43 43 43 43 43 43 43 43 43 43 43 43 43 43 43 43 43 43 43 43 43 43 43 43 43 43 43 43 43 43 43 43 43 43 43 43 43 43 43 43 43 43 43 43
